4 
0 2 4
2 110 3
1 2 10
3 112 5
--------FCFS = 5 ----
--------SJF  = 5 ----
--------SRTF = 5 ----

4 
3 7 6
1 5 7
0 0 13
2 11 18
--------FCFS = 36 ----
--------SJF  = 35 ----
--------SRTF = 33 ----

6
3 0 10
2 2 8
1 4 6
0 6 4
5 100 10
4 109 10
--------FCFS = 41 ----
--------SJF  = 33 ----
--------SRTF = 33 ----


4
0 0 40
1 10 25
2 20 30
3 25 5
--------FCFS = 145 ----
--------SJF  = 100 ----
--------SRTF = 85 ----


4
2 0 10
0 40 10
3 9 1
1 9 5
--------FCFS = 7 ----
--------SJF  = 3 ----
--------SRTF = 3 ----


4
0 2 10
1 9 1
2 9 1
3 9 10
--------FCFS = 12 ----
--------SJF  = 12 ----
--------SRTF = 8  ----


28
1 0 13
17 33 33
18 33 10
19 140 9
2 10 10
16 161 4
14 170 10
13 160 18
21 140 10
22 155 10
15 167 5
20 140 9
12 169 22
23 155 10
9 66 22
3 25 5
7 77 6
26 111 20
0 4 5
27 111 30
25 111 31
8 70 5
6 70 17
11 77 15
10 66 24
4 20 10
5 20 15
24 155 15
------FCFS = 2767 ----
------SJF  = 1582 ----
------SRTF = 1521 ----


17
0 4 5
1 20 15
2 70 17
3 20 10
4 170 10
5 0 13
6 167 5
7 161 4
8 25 5
9 77 15
10 169 22
11 77 6
12 70 5
13 66 22
14 66 24
15 10 10
16 160 18
--------FCFS = 417 ----
--------SJF  = 298 ----
--------SRTF = 241 ----


6
1 0 50
0 10 20
4 20 25
3 35 5
2 110 10
6 111 20
--------FCFS = 159 ----
--------SJF  = 124 ----
--------SRTF = 74 ----


6
0 0 10
3 0 10
1 9 1
2 9 1
4 12 5
5 12 14
--------FCFS = 58 ----
--------SJF  = 35 ----
--------SRTF = 35 ----


5
0 0 50
4 41 13
1 15 20
2 25 25
3 35 5
--------FCFS = 199 ----
--------SJF  = 145 ----
--------SRTF = 91 ----




